$MeshFormat
4.1 0 8
$EndMeshFormat
$PhysicalNames
1
2 1 "hull_group"
$EndPhysicalNames
$Entities
15 12 6 0
1 1 0 0 0
2 0 1 0 0
3 0 0 1 0
4 0 0 0 0
5 1 0 -0.5 0
6 0 1 -0.5 0
7 -1 0 -0.5 0
8 0 -1 -0.5 0
9 0 0 -0.5 0
10 0 0 0 0
11 1 0 0.5 0
12 0 1 0.5 0
13 -1 0 0.5 0
14 0 -1 0.5 0
15 0 0 0.5 0
16 1 0 -0.5 1 0 0.5 0 2 11 -5
17 0 1 -0.5 0 1 0.5 0 2 12 -6
18 -1 0 -0.5 -1 0 0.5 0 2 13 -7
19 0 -1 -0.5 0 -1 0.5 0 2 14 -8
20 0.0 0 -0.5 1 1 -0.5 0 2 5 -6
21 -1 0.0 -0.5 0 1 -0.5 0 2 6 -7
22 -1 -1 -0.5 0.0 0 -0.5 0 2 7 -8
23 0 -1 -0.5 1 0.0 -0.5 0 2 8 -5
24 0.0 0 0.5 1 1 0.5 0 2 11 -12
25 -1 0.0 0.5 0 1 0.5 0 2 12 -13
26 -1 -1 0.5 0.0 0 0.5 0 2 13 -14
27 0 -1 0.5 1 0.0 0.5 0 2 14 -11
28 -1 -1 -0.5 1 1 -0.5 1 1 4 -23 -22 -21 -20
29 0 0 -0.5 1 1 0.5 1 1 4 16 20 -17 -24
30 -1 0 -0.5 0 1 0.5 1 1 4 17 21 -18 -25
31 -1 -1 -0.5 0 0 0.5 1 1 4 18 22 -19 -26
32 0 -1 -0.5 1 0 0.5 1 1 4 19 23 -16 -27
33 -1 -1 0.5 1 1 0.5 1 1 4 24 25 26 27
$EndEntities
$Nodes
26 66 1 66
0 5 0 1
1
1.0 0 -0.5
0 6 0 1
2
0 1.0 -0.5
0 7 0 1
3
-1.0 0 -0.5
0 8 0 1
4
0 -1.0 -0.5
0 11 0 1
5
1.0 0 0.5
0 12 0 1
6
0 1.0 0.5
0 13 0 1
7
-1.0 0 0.5
0 14 0 1
8
0 -1.0 0.5
1 16 0 1
9
1.0 0 0
1 17 0 1
10
0 1.0 0
1 18 0 1
11
-1.0 0 0
1 19 0 1
12
0 -1.0 0
1 20 0 3
13
14
15
0.92387953 0.38268343 -0.5
0.70710678 0.70710678 -0.5
0.38268343 0.92387953 -0.5
1 21 0 3
16
17
18
-0.38268343 0.92387953 -0.5
-0.70710678 0.70710678 -0.5
-0.92387953 0.38268343 -0.5
1 22 0 3
19
20
21
-0.92387953 -0.38268343 -0.5
-0.70710678 -0.70710678 -0.5
-0.38268343 -0.92387953 -0.5
1 23 0 3
22
23
24
0.38268343 -0.92387953 -0.5
0.70710678 -0.70710678 -0.5
0.92387953 -0.38268343 -0.5
1 24 0 3
25
26
27
0.92387953 0.38268343 0.5
0.70710678 0.70710678 0.5
0.38268343 0.92387953 0.5
1 25 0 3
28
29
30
-0.38268343 0.92387953 0.5
-0.70710678 0.70710678 0.5
-0.92387953 0.38268343 0.5
1 26 0 3
31
32
33
-0.92387953 -0.38268343 0.5
-0.70710678 -0.70710678 0.5
-0.38268343 -0.92387953 0.5
1 27 0 3
34
35
36
0.38268343 -0.92387953 0.5
0.70710678 -0.70710678 0.5
0.92387953 -0.38268343 0.5
2 28 0 9
37
38
39
40
41
42
43
44
45
0 -0.69447758 -0.5
-0.37415144 -0.37415144 -0.5
-0.69447758 0 -0.5
0.37415144 -0.37415144 -0.5
0 0 -0.5
-0.37415144 0.37415144 -0.5
0.69447758 0 -0.5
0.37415144 0.37415144 -0.5
0 0.69447758 -0.5
2 29 0 3
46
47
48
0.92387953 0.38268343 0
0.70710678 0.70710678 0
0.38268343 0.92387953 0
2 30 0 3
49
50
51
-0.38268343 0.92387953 0
-0.70710678 0.70710678 0
-0.92387953 0.38268343 0
2 31 0 3
52
53
54
-0.92387953 -0.38268343 0
-0.70710678 -0.70710678 0
-0.38268343 -0.92387953 0
2 32 0 3
55
56
57
0.38268343 -0.92387953 0
0.70710678 -0.70710678 0
0.92387953 -0.38268343 0
2 33 0 9
58
59
60
61
62
63
64
65
66
0.69447758 0 0.5
0.37415144 -0.37415144 0.5
0 -0.69447758 0.5
0.37415144 0.37415144 0.5
0 0 0.5
-0.37415144 -0.37415144 0.5
0 0.69447758 0.5
-0.37415144 0.37415144 0.5
-0.69447758 0 0.5
$EndNodes
$Elements
6 64 1 64
2 28 3 16
1 4 21 37 22
2 21 20 38 37
3 20 19 39 38
4 19 3 18 39
5 22 37 40 23
6 37 38 41 40
7 38 39 42 41
8 39 18 17 42
9 23 40 43 24
10 40 41 44 43
11 41 42 45 44
12 42 17 16 45
13 24 43 13 1
14 43 44 14 13
15 44 45 15 14
16 45 16 2 15
2 29 3 8
17 5 9 46 25
18 25 46 47 26
19 26 47 48 27
20 27 48 10 6
21 9 1 13 46
22 46 13 14 47
23 47 14 15 48
24 48 15 2 10
2 30 3 8
25 6 10 49 28
26 28 49 50 29
27 29 50 51 30
28 30 51 11 7
29 10 2 16 49
30 49 16 17 50
31 50 17 18 51
32 51 18 3 11
2 31 3 8
33 7 11 52 31
34 31 52 53 32
35 32 53 54 33
36 33 54 12 8
37 11 3 19 52
38 52 19 20 53
39 53 20 21 54
40 54 21 4 12
2 32 3 8
41 8 12 55 34
42 34 55 56 35
43 35 56 57 36
44 36 57 9 5
45 12 4 22 55
46 55 22 23 56
47 56 23 24 57
48 57 24 1 9
2 33 3 16
49 5 25 58 36
50 36 58 59 35
51 35 59 60 34
52 34 60 33 8
53 25 26 61 58
54 58 61 62 59
55 59 62 63 60
56 60 63 32 33
57 26 27 64 61
58 61 64 65 62
59 62 65 66 63
60 63 66 31 32
61 27 6 28 64
62 64 28 29 65
63 65 29 30 66
64 66 30 7 31
$EndElements
